EYESAT-1 (AO-27)        
1 22825U 93061C   16113.10739031  .00000023  00000-0  26578-4 0  9991
2 22825  98.7540  69.0250 0009385 118.0755 242.1377 14.29950465177228
CUTE-1 (CO-55)          
1 27844U 03031E   16114.00465255  .00000091  00000-0  60771-4 0  9997
2 27844  98.6938 123.0811 0010792 119.1756 241.0503 14.21938686664600
CUBESAT XI-IV (CO-57)   
1 27848U 03031J   16113.47017607  .00000081  00000-0  56953-4 0  9991
2 27848  98.7035 122.6191 0010609 128.1728 232.0407 14.21566335664426
CUBESAT XI-V (CO-58)    
1 28895U 05043F   16113.77228958  .00000277  00000-0  62317-4 0  9993
2 28895  97.8294 290.5071 0017740  38.2840 321.9619 14.63165252559006
CUTE-1.7+APD II (CO-65) 
1 32785U 08021C   16113.87590705  .00000490  00000-0  59711-4 0  9999
2 32785  97.6083 150.3781 0014727 117.3894 242.8823 14.87505521432409
COMPASS-1               
1 32787U 08021E   16113.18979797  .00001179  00000-0  12178-3 0  9997
2 32787  97.6090 155.8284 0014464 101.7140 258.5703 14.91891738432714
AAUSAT-II               
1 32788U 08021F   16113.82333337  .00001008  00000-0  10190-3 0  9996
2 32788  97.6092 158.5095 0013873  95.4217 264.8585 14.93084763432930
DELFI-C3 (DO-64)        
1 32789U 08021G   16113.47599352  .00002142  00000-0  16377-3 0  9992
2 32789  97.6106 173.6775 0015532  91.4303 268.8701 15.02899883433636
CANX-2                  
1 32790U 08021H   16113.51489802  .00000446  00000-0  55159-4 0  9994
2 32790  97.6043 148.7382 0015373 119.6238 240.6513 14.87275156432303
SEEDS II (CO-66)        
1 32791U 08021J   16114.11154377  .00000720  00000-0  80658-4 0  9995
2 32791  97.6092 153.5792 0015248 107.5141 252.7745 14.89678577432595
SWISSCUBE               
1 35932U 09051B   16113.32701216  .00000302  00000-0  79673-4 0  9992
2 35932  98.4397 239.7703 0008982 104.6011 255.6183 14.55784360349082
BEESAT                  
1 35933U 09051C   16114.17612499  .00000275  00000-0  73404-4 0  9996
2 35933  98.4422 241.6949 0007118 113.1060 247.0888 14.55931105349308
ITUPSAT 1               
1 35935U 09051E   16113.10924035  .00000237  00000-0  65784-4 0  9992
2 35935  98.4529 240.8637 0009451 109.3981 250.8238 14.55143077348992
TISAT 1                 
1 36799U 10035E   16114.17792818  .00000919  00000-0  10206-3 0  9990
2 36799  98.0248 223.6290 0011228 265.2773  94.7162 14.89701510313234
M-CUBED & EXP-1 PRIME   
1 37855U 11061F   16113.99293257  .00001958  00000-0  11461-3 0  9994
2 37855 101.7201 126.8487 0187922 240.5749 117.6590 15.00748984243710
HORYU 2                 
1 38340U 12025D   16113.88482011  .00000451  00000-0  75193-4 0  9991
2 38340  98.3519  97.6775 0011543 181.7680 178.3489 14.74969073211320
STRAND-1                
1 39090U 13009E   16113.55160688  .00000064  00000-0  37876-4 0  9990
2 39090  98.5884 316.0963 0010350 104.9857 255.2475 14.34889408165153
BRITE-AUSTRIA           
1 39091U 13009F   16113.16808861  .00000057  00000-0  35339-4 0  9994
2 39091  98.5838 315.2554 0011601 113.6174 246.6230 14.34968648165112
UNIBRITE                
1 39092U 13009G   16113.54877414  .00000076  00000-0  42347-4 0  9995
2 39092  98.5841 315.3815 0010530 106.0598 254.1747 14.34841371165158
AIST-2                  
1 39133U 13015D   16114.09761380  .00000594  00000-0  55357-4 0  9993
2 39133  64.8764 172.6996 0003403 249.3662 196.6155 15.03826318165123
SOMP                    
1 39134U 13015E   16114.22343713  .00002500  00000-0  14095-3 0  9997
2 39134  64.8694 139.7581 0008900 255.6493 104.3644 15.15605738165784
BEESAT-2                
1 39136U 13015G   16113.48692180  .00002059  00000-0  12540-3 0  9993
2 39136  64.8696 147.5220 0008305 253.6401 106.3810 15.13344356165579
NEE-01 PEGASUS          
1 39151U 13018B   16114.20093721  .00000394  00000-0  59790-4 0  9999
2 39151  97.9968 202.0795 0016444 332.9589  27.0764 14.79414446161448
CUBEBUG-1 (CAPITAN BETO)
1 39153U 13018D   16114.18039085  .00000311  00000-0  48236-4 0  9993
2 39153  97.9976 202.4717 0016278 331.8809  28.1522 14.79830580161462
ESTCUBE 1               
1 39161U 13021C   16114.11178940  .00000405  00000-0  73053-4 0  9992
2 39161  98.0497 199.0580 0010790  50.3353 309.8800 14.71623539158965
POPACS 1                
1 39268U 13055D   16114.21599136  .00014664  00000-0  43637-3 0  9998
2 39268  81.0049  84.7174 0673442   6.7753 354.1976 14.25658730132234
POPACS 2                
1 39269U 13055E   16112.96460151  .00009069  00000-0  27218-3 0  9993
2 39269  81.0161  93.5624 0716490  30.8111 333.3136 14.16356520131592
POPACS 3                
1 39270U 13055F   16113.37163661  .00004072  00000-0  13026-3 0  9998
2 39270  81.0132  97.0786 0735715  42.7107 322.8894 14.10756458131387
PHONESAT 2.4            
1 39381U 13064B   16113.08689857  .00029608  00000-0  34428-3 0  9990
2 39381  40.4950  16.1724 0006340 296.2327  63.7844 15.60996856136099
FIREFLY                 
1 39404U 13064AA  16113.76218123  .00016888  00000-0  26150-3 0  9994
2 39404  40.5086  29.2024 0006219 301.1660  58.8550 15.53570447135459
ZACUBE-1 (TSHEPISOSAT)  
1 39417U 13066B   16113.58253678  .00000481  00000-0  67967-4 0  9998
2 39417  97.6856 168.8154 0059262 203.0158 156.8398 14.80331326130547
WNISAT-1                
1 39423U 13066H   16114.06145721  .00000235  00000-0  56945-4 0  9999
2 39423  97.6736 131.7508 0175121 312.3611  46.2876 14.52674667128237
TRITON-1                
1 39427U 13066M   16113.16513642  .00000363  00000-0  67101-4 0  9992
2 39427  97.6729 150.0265 0113401 256.3343 102.5215 14.67140090129305
GOMX 1                  
1 39430U 13066Q   16114.03050703  .00000457  00000-0  93392-4 0  9992
2 39430  97.6739 139.1592 0151076 289.9155  68.5831 14.58550217128685
BRITE-PL                
1 39431U 13066R   16113.48537353  .00000176  00000-0  48250-4 0  9993
2 39431  97.6795 123.5235 0202435 338.9153  20.3781 14.46703298127627
HUMSAT-D                
1 39433U 13066T   16113.83449267  .00000891  00000-0  95700-4 0  9996
2 39433  97.7018 182.1945 0032141 170.2414 189.9436 14.90689060131374
EAGLE 2                 
1 39436U 13066W   16113.85131731  .00015995  00000-0  74029-3 0  9996
2 39436  97.7170 199.2481 0018155 120.6767 239.6259 15.20068218132466
CUBEBUG-2 (LO-74)       
1 39440U 13066AA  16113.18953303  .00000437  00000-0  68983-4 0  9992
2 39440  97.6796 161.1237 0080265 224.1955 135.2826 14.75098461130024
NEE-02 KRYSAOR          
1 39441U 13066AB  16114.12505389  .00000278  00000-0  47300-4 0  9998
2 39441  97.6776 161.3238 0081513 223.0905 136.3905 14.74357920130089
FUNCUBE-1 (AO-73)       
1 39444U 13066AE  16114.16558677  .00000552  00000-0  75962-4 0  9993
2 39444  97.6865 169.9198 0058636 199.2889 160.6105 14.80986160129435
UWE-3                   
1 39446U 13066AG  16113.13523874  .00000445  00000-0  66836-4 0  9993
2 39446  97.6819 164.5595 0070137 214.5688 145.0953 14.77619286129016
BRITE-TORONTO           
1 40020U 14033L   16114.16181780  .00000132  00000-0  31464-4 0  9990
2 40020  97.8954 356.3088 0086826 221.4182 138.0420 14.66240541 98539
DUCHIFAT-1              
1 40021U 14033M   16114.18852326  .00000879  00000-0  98929-4 0  9991
2 40021  97.9354  20.6010 0011826 241.2587 118.7442 14.89198534100079
FLOCK 1C-10             
1 40023U 14033P   16114.19676494  .00000684  00000-0  80861-4 0  9994
2 40023  97.9382  20.2742 0011974 245.9380 114.0557 14.87898859100033
NANOSATC-BR1            
1 40024U 14033Q   16114.21502854  .00000847  00000-0  96916-4 0  9995
2 40024  97.9329  20.0946 0011118 240.8192 119.1913 14.88622722100053
QB50P1                  
1 40025U 14033R   16114.18596205  .00000639  00000-0  75786-4 0  9996
2 40025  97.9325  19.6515 0011293 242.3117 117.6954 14.87940882100028
FLOCK 1C-7              
1 40026U 14033S   16114.14348097  .00001749  00000-0  19432-3 0  9995
2 40026  97.9408  20.4267 0010573 241.8795 118.1288 14.88478491100042
FLOCK 1C-1              
1 40027U 14033T   16113.79135569  .00000724  00000-0  84869-4 0  9993
2 40027  97.9388  19.9553 0011718 245.8517 114.1469 14.88051193 99982
POPSAT-HIP-1            
1 40028U 14033U   16114.04835880  .00000912  00000-0  10587-3 0  9990
2 40028  97.9357  19.6686 0012601 241.7160 118.2786 14.87822294 99999
FLOCK 1C-2              
1 40029U 14033V   16114.14983612  .00000555  00000-0  66587-4 0  9994
2 40029  97.9399  20.2270 0013222 239.2802 120.7079 14.87995549100022
FLOCK 1C-4              
1 40031U 14033X   16114.21297953  .00000385  00000-0  48071-4 0  9990
2 40031  97.9395  20.3147 0013596 236.5310 123.4561 14.87968946100020
QB50P2                  
1 40032U 14033Y   16114.17742664  .00000555  00000-0  67302-4 0  9997
2 40032  97.9312  19.1510 0010780 235.3274 124.6927 14.87504618 99992
FLOCK 1C-11             
1 40033U 14033Z   16114.13274242  .00000966  00000-0  10824-3 0  9998
2 40033  97.9403  20.6425 0011032 234.0246 125.9733 14.89146890100057
ANTELSAT                
1 40034U 14033AA  16114.08485168  .00000548  00000-0  90255-4 0  9997
2 40034  97.9116   3.7953 0058578 201.5828 158.2915 14.73331272 99060
FLOCK 1C-9              
1 40035U 14033AB  16114.15208266  .00000259  00000-0  34294-4 0  9998
2 40035  97.9419  20.4178 0011177 229.5576 130.4628 14.88047055100027
FLOCK 1C-6              
1 40036U 14033AC  16114.20336643  .00000482  00000-0  58369-4 0  9993
2 40036  97.9421  20.5622 0011156 233.4955 126.5146 14.88178681100041
PERSEUS-M2              
1 40037U 14033AD  16114.05301551  .00000435  00000-0  56099-4 0  9993
2 40037  97.9355  18.4736 0013135 239.9212 120.0705 14.86006319 99915
FLOCK 1C-5              
1 40038U 14033AE  16114.21408364  .00000356  00000-0  44708-4 0  9998
2 40038  97.9414  20.4548 0013692 231.5806 128.4157 14.88184676100035
PERSEUS-M1              
1 40039U 14033AF  16114.08179060  .00000276  00000-0  38263-4 0  9992
2 40039  97.9369  18.2542 0012849 233.8956 126.1065 14.85633400 99905
FLOCK 1C-8              
1 40040U 14033AG  16114.19279928  .00001941  00000-0  20777-3 0  9990
2 40040  97.9430  21.2004 0011762 223.3490 136.6720 14.89860169100076
FLOCK 1C-3              
1 40041U 14033AH  16114.15312970  .00000179  00000-0  25741-4 0  9991
2 40041  97.9421  20.3252 0012138 228.1687 131.8451 14.87850141100010
POLYITAN-1              
1 40042U 14033AJ  16113.97699250  .00000675  00000-0  80556-4 0  9996
2 40042  97.9398  19.3094 0013777 229.5939 130.4075 14.87484409 99947
TIGRISAT                
1 40043U 14033AK  16114.20587074  .00000306  00000-0  53470-4 0  9990
2 40043  97.9090   4.4322 0059813 203.2844 156.5653 14.73713542 98972
LEMUR-1                 
1 40044U 14033AL  16114.20444667  .00000326  00000-0  56586-4 0  9994
2 40044  97.9091   4.2963 0058952 204.0104 155.8353 14.73532420 98966
AEROCUBE 6A             
1 40045U 14033AM  16114.16732766  .00000521  00000-0  84415-4 0  9999
2 40045  97.9155   4.6282 0057989 200.0772 159.8156 14.74286382 98826
AEROCUBE 6B             
1 40046U 14033AN  16114.16757875  .00000591  00000-0  94869-4 0  9999
2 40046  97.9149   4.5907 0057235 199.7461 160.1532 14.74284840 98961
UKUBE-1                 
1 40074U 14037F   16114.15580109  .00000748  00000-0  99257-4 0  9997
2 40074  98.3346 204.8496 0004108 343.8402  16.2660 14.82998030 96910
BRITE-PL 2              
1 40119U 14049B   16113.81666063  .00000291  00000-0  41519-4 0  9997
2 40119  97.9610 195.3190 0018128  24.7890 335.4191 14.83890578 90814
FIREBIRD 4              
1 40378U 15003C   16114.21287497  .00003395  00000-0  15824-3 0  9997
2 40378  99.0829 210.6588 0144820 311.4546  47.4315 15.11997975 67476
GRIFEX                  
1 40379U 15003D   16114.15331150  .00001994  00000-0  98665-4 0  9995
2 40379  99.0839 209.9075 0148522 314.8168  44.1060 15.10362330 67426
EXOCUBE                 
1 40380U 15003E   16114.10922477  .00001560  00000-0  80291-4 0  9995
2 40380  99.0869 209.4241 0151290 316.0298  42.8969 15.09246873 67384
DEORBITSAIL             
1 40719U 15032E   16113.20677972  .00000896  00000-0  13911-3 0  9995
2 40719  98.0237   5.3136 0018094  58.8493 301.4487 14.75441240 42239
FLOCK 1E-1              
1 40723U 98067GF  16113.96800551  .00186563  24411-4  51290-3 0  9997
2 40723  51.6280 305.6649 0003960 220.7315 291.3884 15.93583370 44514
FLOCK 1E-4              
1 40724U 98067GG  16113.95843339  .00099719  00000-0  39284-3 0  9997
2 40724  51.6323 307.9366 0005873 213.6373 300.4419 15.86044270 44489
FLOCK 1E-3              
1 40725U 98067GH  16113.73431839  .00126662  17025-4  40679-3 0  9999
2 40725  51.6298 304.2883 0005407 212.1334 208.2178 15.90752247 44481
FLOCK 1E-7              
1 40726U 98067GJ  16114.00090953  .00066857  00000-0  33266-3 0  9993
2 40726  51.6330 309.8106 0004338 231.3923 254.5727 15.81275670 44313
FLOCK 1E-8              
1 40727U 98067GK  16113.92914760  .00089885  00000-0  35353-3 0  9990
2 40727  51.6361 307.0271 0005161 241.7843 259.5219 15.86123499 44331
FLOCK 1E-5              
1 40728U 98067GL  16113.99638838  .00091849  00000-0  42584-3 0  9994
2 40728  51.6333 308.9443 0006356 240.3676 278.9885 15.82656393 44321
FLOCK 1E-6              
1 40729U 98067GM  16113.95703882  .00079223  00000-0  35185-3 0  9994
2 40729  51.6321 307.9309 0005346 216.0983 293.2334 15.83634867 44342
FLOCK 1E-10             
1 40737U 98067GP  16113.94642547  .00062426  00000-0  32031-3 0  9996
2 40737  51.6333 310.1508 0003202 216.7215 292.4710 15.80639394 44295
FLOCK 1E-11             
1 40738U 98067GQ  16113.98136690  .00062387  00000-0  29222-3 0  9992
2 40738  51.6321 306.5482 0003944 204.2551 312.3287 15.82605715 44160
FLOCK 1E-12             
1 40739U 98067GR  16113.94675124  .00063122  00000-0  31712-3 0  9994
2 40739  51.6325 310.1511 0004815 215.3105 294.1727 15.81086150 44122
FLOCK 1E-13             
1 40740U 98067GS  16114.13913462  .00049607  00000-0  24962-3 0  9999
2 40740  51.6317 308.5439 0003447 258.4299 199.2331 15.81158145 44149
FLOCK 1E-14             
1 40741U 98067GT  16113.97531853  .00073091  00000-0  35167-3 0  9994
2 40741  51.6358 308.8428 0003588 226.3190 286.1695 15.81969631 44112
S-CUBE                  
1 40898U 98067GY  16113.77985260  .00031657  00000-0  25456-3 0  9992
2 40898  51.6357 322.2193 0003371  24.1256 335.9899 15.70653584 34001
LEMUR-2 JOEL            
1 40932U 15052C   16113.28772112  .00001347  00000-0  97303-4 0  9994
2 40932   6.0062 352.5928 0013485  50.8242 309.3785 14.77076485 30669
LEMUR-2 CHRIS           
1 40933U 15052D   16112.65706765  .00001583  00000-0  12899-3 0  9994
2 40933   6.0059 356.7250 0014371  43.8705 316.2624 14.77250119 30578
LEMUR-2 JEROEN          
1 40934U 15052E   16113.30687019  .00001136  00000-0  69947-4 0  9999
2 40934   6.0042 353.9144 0010979  43.1561 316.9398 14.76472956 30620
LEMUR-2 PETER           
1 40935U 15052F   16113.19789983  .00001159  00000-0  73770-4 0  9994
2 40935   6.0005 355.0720 0010110  37.4734 322.6552 14.76266550 30614
EXACTVIEW 9             
1 40936U 15052G   16113.01785887  .00000960  00000-0  46114-4 0  9996
2 40936   6.0008 356.8218 0010747  33.4522 326.6316 14.76015014 30592
GOMX 3                  
1 40949U 98067HA  16113.97097318  .00028551  00000-0  20449-3 0  9995
2 40949  51.6361 319.0006 0003228  28.7728 331.3448 15.73461915 31358
FLOCK 2B-1              
1 40950U 98067HB  16114.10911872  .00051388  00000-0  35168-3 0  9991
2 40950  51.6364 318.4336 0002183 113.5281 246.5948 15.74238442 31291
FLOCK 2B-2              
1 40951U 98067HC  16114.10496603  .00047490  00000-0  32629-3 0  9990
2 40951  51.6351 318.3934 0001526  80.7189 279.3982 15.74181477 31290
FLOCK 2B-3              
1 40952U 98067HD  16114.04909002  .00044773  00000-0  32282-3 0  9992
2 40952  51.6359 319.5294 0000678 120.4601 239.6464 15.73081064 31259
FLOCK 2B-4              
1 40953U 98067HE  16113.94581259  .00043050  00000-0  31831-3 0  9997
2 40953  51.6364 320.3435 0000751 102.9767 257.1316 15.72506286 31239
FLOCK 2B-5              
1 40954U 98067HF  16113.79438676  .00045446  00000-0  31297-3 0  9992
2 40954  51.6354 320.0805 0002893  11.2172 348.8891 15.74144182 31217
FLOCK 2B-6              
1 40955U 98067HG  16114.08731200  .00086236  00000-0  52033-3 0  9998
2 40955  51.6335 318.9965 0002083   3.3139 356.7874 15.76915058 31259
FLOCK 2B-7              
1 40956U 98067HH  16113.67647429  .00047445  00000-0  31432-3 0  9991
2 40956  51.6357 320.0243 0002474  57.9976 302.1264 15.75023509 31152
FLOCK 2B-8              
1 40957U 98067HJ  16113.93003091  .00187446  00000-0  68969-3 0  9993
2 40957  51.6349 314.1658 0005887 277.4509  82.5826 15.87166979 31256
FLOCK 2B-10             
1 40962U 98067HK  16113.97292345  .00042963  00000-0  31104-3 0  9990
2 40962  51.6367 319.7733 0003465  49.1114 311.0184 15.72998683 31103
FLOCK 2B-9              
1 40963U 98067HL  16113.98179548  .00041747  00000-0  30488-3 0  9994
2 40963  51.6360 319.8285 0003557  65.1621 294.9747 15.72806561 31100
FLOCK 2B-13             
1 40979U 98067HM  16113.93947139  .00042148  00000-0  31208-3 0  9992
2 40979  51.6376 320.3136 0003968  41.0968 319.0328 15.72475698 30992
FLOCK 2B-14             
1 40980U 98067HN  16113.96145074  .00055269  00000-0  35268-3 0  9993
2 40980  51.6361 318.1738 0001980  39.1333 320.9810 15.75820783 31021
ATHENOXAT 1             
1 41168U 15077C   16113.80683862  .00004114  00000-0  20786-3 0  9999
2 41168  14.9914 356.2557 0012618 318.2622 114.9242 15.09657628 19377
GALASSIA                
1 41170U 15077E   16113.01581514  .00004314  00000-0  21579-3 0  9999
2 41170  14.9900   1.2795 0014677 317.8825  42.0205 15.10260110 19269
VELOX 2                 
1 41171U 15077F   16113.94576005  .00003173  00000-0  15686-3 0  9995
2 41171  14.9923 356.8418 0009894 305.6896  54.2483 15.08499599 19382
AGGIESAT 4              
1 41313U 98067HP  16114.07597508  .00012493  00000-0  17118-3 0  9996
2 41313  51.6515 331.7405 0004037  23.1736 336.9424 15.57782867 13131
BEVO 2                  
1 41314U 98067HQ  16114.09886029  .00017753  00000-0  22734-3 0  9992
2 41314  51.6487 331.1124 0002640  41.8167 318.3028 15.59267807 12941
HORYU-IV                
1 41340U 16012D   16112.84162452  .00001497  00000-0  11085-3 0  9994
2 41340  31.0071 267.1227 0014782 220.3492 139.6044 14.99917860  9681
